Method :Gaussian-elimination
Total time :0.013652
Status :Run successfully
x              y              z              
30.00000       -41.00000      21.00000       

Method :LU decomposition
Total time :0.009635
Status :Run successfully
x              y              z              
30.00000       -41.00000      21.00000       

Method :Gaussian-jordan
Total time :0.0035951
Status :Run successfully
x              y              z              
30.00000       -41.00000      21.00000       

Method :Gauss-seidel
Number of iterations :30
Total time :0.0064252
Status :Run successfully
iteration      x              y              z              Errorx         Errory         Errorz         
1              1.00000        3.00000        4.00000        0.00000        0.00000        0.00000        
2              3.00000        -3.66667       37.66667       66.66667       181.81818      89.38053       
3              -24.00000      -50.77778      138.77778      112.50000      92.77899       72.85829       
4              -78.00000      -201.29630     397.29630      69.23077       74.77461       65.06945       
5              -186.00000     -596.16049     1008.16049     58.06452       66.23455       60.59196       
6              -402.00000     -1542.26749    2386.26749     53.73134       61.34519       57.75157       
7              -834.00000     -3695.11248    5403.11248     51.79856       58.26196       55.83532       
8              -1698.00000    -8435.18747    11871.18747    50.88339       56.19407       54.48549       
9              -3426.00000    -18639.31245   25531.31245    50.43783       54.74518       53.50342       
10             -6882.00000    -40254.18742   54058.18742    50.21796       53.69597       52.77068       
11             -13794.00000   -85494.97903   113122.97903   50.10874       52.91631       52.21290       
12             -27618.00000   -179328.29839  234604.29839   50.05431       52.32488       51.78137       
13             -55266.00000   -372581.16398  483153.16398   50.02714       51.86866       51.44308       
14             -110562.00000  -768397.27331  989561.27331   50.01357       51.51191       51.17501       
15             -221154.00000  -1575546.78885 2017894.78885  50.00678       51.22980       50.96071       
16             -442338.00000  -3215707.98141 4100423.98141  50.00339       51.00467       50.78814       
17             -884706.00000  -6539133.96901 8308585.96901  50.00170       50.82364       50.64835       
18             -1769442.00000 -13257825.2816916796749.28169 50.00085       50.67717       50.53456       
19             -3538914.00000 -26814940.1361533892808.13615 50.00042       50.55806       50.44155       
20             -7077858.00000 -54128723.5602568284479.56025 50.00021       50.46079       50.36528       
21             -14155746.00000-109088879.93376137400411.9337650.00011       50.38108       50.30257       
22             -28311522.00000-219563508.55626276186592.5562650.00005       50.31557       50.25088       
23             -56623074.00000-441436625.59377554682813.5937750.00003       50.26160       50.20819       
24             -113246178.00000-886722625.989621113215021.9896250.00001       50.21706       50.17290       
25             -226492386.00000-1779860903.982702232845715.9827050.00001       50.18023       50.14367       
26             -452984802.00000-3570414588.637834476384232.6378350.00000       50.14974       50.11944       
27             -905969634.00000-7158650505.729718970589813.7297150.00000       50.12447       50.09933       
28             -1811939298.00000-14347003252.8828517970881888.8828550.00000       50.10351       50.08264       
29             -3623878626.00000-28743510268.8047635991267560.8047650.00000       50.08611       50.06877       
30             -7247757282.00000-57569526836.6746072065041440.6746150.00000       50.07166       50.05724       
31             -14495514594.00001-115276564199.12434144267593427.1243650.00000       50.05964       50.04766       

